11260
21820
27940
28540
11500
12220
13820
19300
19460
20020
22520
23460
26620
33660
33860
46220
10700
18980
21460
37120
42460
42820
45180
45980
22220
26300
27860
30780
11660
12900
14180
15780
20980
22620
25460
31620
31680
34260
37500
38220
40780
42620
22900
22380
29420
38060
43420
46060
49740
35700
37740
40940
43320
12540
17020
20940
23420
25260
31080
32900
33700
34900
37100
39820
40140
40900
41500
41740
41860
41940
42020
42100
42200
42220
44700
46700
47300
49700
17340
18860
21700
39780
43760
45000
46020
46380
14500
17820
19740
22660
24300
24540
39380
14720
15860
20420
20780
22820
33940
44460
44540
14860
25540
35300
35980
45860
47900
20100
15980
18880
19660
23540
26140
27260
29460
33100
34940
35840
36100
36740
37340
37460
37860
38940
39460
42680
42700
45220
45300
11580
17500
28580
29380
36380
37260
10500
12020
12060
15260
19140
23580
25980
31420
40660
42340
46660
47580
11140
12460
15660
16340
18380
18460
20060
20140
22340
27600
27700
33300
34220
44340
44900
45580
45620
45700
45740
47080
48180
17980
29300
12260
27980
46520
25900
28180
11180
16300
19780
20220
26980
47940
17540
22700
22800
32260
32380
34700
36820
36900
43980
44020
44740
19340
15460
43580
14260
17660
26820
38540
46300
13940
15420
25200
34140
34300
39940
41760
30300
14010
16580
19500
28100
37900
40420
44100
16060
16460
16660
19180
19940
20820
23300
23660
27300
30660
31380
34500
38700
40300
44580
45380
16980
39500
14020
18020
21140
21780
23060
26900
29020
29200
33140
34620
45460
11420
12140
13260
18220
18820
19540
23140
24700
26540
27540
28340
30900
31500
31980
35220
37940
38500
39980
42980
47180
47340
47700
47780
43780
29940
31740
45820
48620
11860
19980
21380
23780
24460
25700
26740
30580
32700
36840
38260
41460
14540
21060
30460
36980
15820
19220
23180
23980
31580
32460
33180
34460
34660
40080
43700
37140
31140
10780
12940
25220
26380
29180
29340
33740
35380
43340
14220
19760
34020
35060
36660
40820
12700
38340
44140
49340
47240
14460
12580
41540
15700
20660
25180
19060
12620
30340
38860
12300
11460
12980
13020
19820
22420
24340
27100
28020
29620
33220
33780
34740
35660
40980
45900
10300
10940
10980
13660
15620
17740
21540
25880
26090
26340
31220
32100
34380
42300
44780
27020
31860
40340
41060
10660
10820
12380
13420
14660
22060
22260
26780
32140
35580
36940
39860
48820
49100
49380
20260
33460
17860
27620
44180
14700
22100
22780
25300
28380
28860
30060
32180
32340
33020
33620
38740
40620
42740
43460
47660
48460
16020
41180
27900
28140
41140
25060
25620
27140
15020
17260
17380
18060
18420
24740
24900
24980
29860
32620
32940
37060
38100
44260
46180
46980
35020
13740
14580
24500
25740
33540
15580
28060
11700
15500
20500
22180
24140
24660
24780
25860
27340
38240
39580
40580
48900
49180
10620
14380
14820
21020
22580
25780
28620
28820
29900
31300
32000
33980
34340
35100
35900
40260
40460
41820
43140
47820
48980
16740
13900
33500
19860
27420
48780
22020
24220
47420
24260
30700
13100
18100
23340
25580
28260
30420
35740
35820
42420
36540
31700
18180
28300
29060
12100
45940
47220
10740
22140
29740
42140
10460
16100
17580
19700
21580
23700
26020
29780
31060
40740
43500
45340
16180
29820
39900
21220
21980
37220
49080
23820
10580
13780
15380
21300
24020
27060
28740
40380
45060
46540
48060
11220
12180
12860
18500
18660
24100
26460
27460
36460
36580
38460
42900
35620
10420
15940
18140
30620
31900
41780
44220
45780
49660
11740
11900
13340
15340
15740
16380
17060
18740
19580
22300
23380
24820
31930
32020
34540
35420
35940
39020
41400
43380
45660
46500
46780
47540
47920
48940
49300
49780
17140
21420
30020
36420
46140
10220
11060
11620
12780
20340
20460
21120
25100
32540
33060
34780
38620
43060
44660
45140
48220
49260
10540
13460
18700
21660
24420
32780
41420
11820
15060
18300
25840
26220
28900
29260
35440
40700
45520
36620
38900
11020
16540
21500
23900
25420
27780
29540
30140
38300
39740
42540
44300
48700
49620
14100
14620
20180
20700
26500
26860
30260
30380
30820
32740
36340
39060
42380
42780
43740
44980
47620
10900
37980
39300
16700
17900
22500
24860
25940
34820
43900
44940
23500
24940
35140
36700
42860
39660
10100
15100
26700
33580
38180
43940
46820
47980
49460
43620
17420
27180
27740
28940
34100
34980
11940
18260
18900
20540
24620
29980
30280
32280
32660
35460
37540
42940
43180
46100
46460
16860
17300
32820
28700
10180
11100
12420
13140
15180
17780
18580
19100
20580
21340
26420
28660
29700
30980
31180
32580
33260
36220
41660
41700
43300
46340
47020
47380
48660
10860
11380
11980
13060
13300
13700
14420
14780
15220
18620
19620
20300
20900
23240
23620
25820
26660
27380
28500
28780
31260
33420
34420
34860
37300
37420
37580
38380
38920
39700
40100
43660
44500
44860
45020
46620
46900
49820
45500
36260
39340
41620
41100
16260
25720
39220
46860
30860
13980
16820
25500
31340
40060
40220
44420
19260
32300
47260
49020
15540
12740
13540
40860
13380
14740
28420
31020
34580
36500
42660
44060
47460
48300
49420
10140
16500
21260
34180
36020
36830
38820
39420
43220
11540
20740
22540
24580
27500
31540
33340
36780
39540
43100
48140
12660
13180
31820
32860
38420
43020
44620
48020
48580
49220
31940
29100
13220
16620
34060
37620
17220
21180
21900
26580
48260
48540
14140
16220
16940
23940
29660
40180
40540
43260
27220
21740