11260
12220
13820
19300
19460
20020
22520
26620
33660
33860
46220
22220
30780
22900
29420
38060
46060
49740
12540
17020
23420
31080
32900
33700
37100
39820
40140
40900
41500
41740
41860
41940
42020
42100
42200
42220
44700
46700
47300
49700
21700
14500
17820
19740
22660
24300
24540
39380
14860
25540
35300
35980
45860
47900
20100
15980
18880
19660
23540
26140
27260
29460
33100
34940
35840
36100
36740
37340
37460
37860
38940
39460
42680
45220
45300
10500
12020
12060
23580
31420
42340
47580
17980
12260
27980
46520
25900
16300
19780
26980
47940
19340
43580
14260
17660
14010
16580
37900
40420
44100
16980
14020
21140
21780
23060
26900
29200
45460
43780
45820
48620
14540
21060
30460
31140
10780
12940
26380
29180
29340
33740
35380
43340
12700
38340
44140
49340
14460
12580
41540
25180
12620
38860
11460
12980
19820
22420
24340
27100
28020
29620
33780
34740
35660
40980
45900
40340
41060
20260
33460
17860
27620
44180
41180
27900
28140
25060
25620
27140
46180
13740
11700
15500
20500
22180
24660
24780
25860
27340
39580
40580
48900
49180
16740
13900
22020
30700
36540
31700
18180
12100
45940
10740
29740
42140
29820
39900
10580
13780
15380
28740
40380
45060
46540
35620
10420
15940
18140
44220
45780
49660
17140
36420
46140
13460
21660
32780
41420
38900
16540
21500
25420
27780
29540
30140
38300
39740
42540
44300
49620
20700
39060
10900
37980
39300
16700
17900
22500
24860
25940
34820
43900
39660
43620
27740
28940
34980
16860
17300
32820
28700
10180
11100
12420
13140
15180
17780
18580
19100
21340
26420
28660
29700
30980
31180
32580
33260
36220
41700
46340
47380
48660
45500
36260
39340
41620
13980
16820
31340
40060
40220
47260
15540
13380
14740
28420
36500
42660
44060
49420
11540
20740
24580
27500
31540
33340
36780
39540
48140
29100
16620
34060
26580
48540